1.352722439039068858e+00
1.197213938571726422e+00
1.079784809553019809e+00
9.950370528323332353e-01
9.327666617775522973e-01
8.855751336066493007e-01
8.487345374073950177e-01
8.192374289948424204e-01
7.951180860102643466e-01
7.750423557109984429e-01
7.580710251252081866e-01
7.435222413202663416e-01
7.308895377286720452e-01
7.197897765238207013e-01
7.099293078603301499e-01
7.010804554553937695e-01
6.930652593971770026e-01
6.857439374557694478e-01
6.790058740405662263e-01
6.727625326942433537e-01
6.669422072354097564e-01
6.614855665300587440e-01
6.563427147848853727e-01
6.514708823746377941e-01
6.468328778169423199e-01
6.423960386849236759e-01
6.381316301166353178e-01
6.340141940011325694e-01
6.300215028929413430e-01
6.261342383942505307e-01
6.223358974630297524e-01
6.186126682366946961e-01
6.149535775246557368e-01
6.113501942712648018e-01
6.077963923576915617e-01
6.042878978218905184e-01
6.008216741217707879e-01
5.973954574234997539e-01
5.940074825533464553e-01
5.906562110216531103e-01
5.873401764969486960e-01
5.840579030487487167e-01
5.808078130292310126e-01
5.775882324562081616e-01
5.743973161309884334e-01
5.712331565043654580e-01
5.680937723845926879e-01
5.649772032310964587e-01
5.618815973275025355e-01
5.588053103732314453e-01
