7.530698026683989577e-01
6.428656429737498179e-01
5.659683453964969857e-01
5.152283200476628355e-01
4.805620120855179644e-01
4.557153757071433775e-01
4.371250149469868562e-01
4.227083337567269505e-01
4.111818580521093836e-01
4.017346417624595989e-01
3.938274273037803974e-01
3.870886953133092501e-01
3.812369400241975015e-01
3.760768457979372648e-01
3.714694820410072151e-01
3.673086752295618429e-01
3.635031281733631658e-01
3.599860636662172708e-01
3.567081501191446402e-01
3.536345995022316946e-01
3.507342180985263402e-01
3.479802003299665714e-01
3.453541737056503580e-01
3.428365898395149269e-01
3.404159944128539728e-01
3.380782375112744154e-01
3.358076400296123309e-01
3.335969262890818854e-01
3.314358990220783729e-01
3.293159538138474285e-01
3.272296412127363441e-01
3.251701845655324830e-01
3.231339100199108749e-01
3.211180970732750994e-01
3.191206839734858636e-01
3.171388621921009121e-01
3.151729809438450491e-01
3.132234318210690427e-01
3.112903349596777836e-01
3.093738809052107297e-01
3.074742861837601038e-01
3.055925545629011864e-01
3.037274596758451906e-01
3.018786040749064092e-01
3.000454478069581321e-01
2.982272848984999780e-01
2.964232902356486177e-01
2.946323296656420121e-01
2.928537185227763628e-01
2.910865914437516522e-01
