1.341377138772696487e+00
1.185160425488811509e+00
1.070343054106556169e+00
9.873826421245965879e-01
9.259314203304224167e-01
8.789111060050167623e-01
8.418321604370369027e-01
8.118201324246240302e-01
7.869846025785247612e-01
7.660378674272285693e-01
7.480711980139364004e-01
7.324233275207707727e-01
7.186022684904395108e-01
7.062382173449069933e-01
6.950529984263498218e-01
6.848363298718971315e-01
6.754251706281350076e-01
6.666873411167131280e-01
6.585111133367682612e-01
6.508002772523351354e-01
6.434726167288544740e-01
6.364595694676756787e-01
6.297055812109175754e-01
6.231666371603066246e-01
6.168081876900344263e-01
6.106030116931915330e-01
6.045294804211935880e-01
5.985703447679346922e-01
5.927118640511950254e-01
5.869430499802330559e-01
5.812549670080843223e-01
5.756401842975374938e-01
5.700924734764976076e-01
5.646067364022829826e-01
5.591790536107449361e-01
5.538067330475658911e-01
5.484882876962626774e-01
5.432233266565588137e-01
5.380123773003119281e-01
5.328566670813812411e-01
5.277578929631118188e-01
5.227180004112812473e-01
5.177389859431111852e-01
5.128227321407093919e-01
5.079708842327197438e-01
5.031847783627687587e-01
4.984654266643116505e-01
4.938135526120209784e-01
4.892296585730197545e-01
4.847141030330925360e-01
