7.448098365338818860e-01
6.344049859761726751e-01
5.596025505342886452e-01
5.101156450433944611e-01
4.759344990709478140e-01
4.510717226220021248e-01
4.322070676429997094e-01
4.173567739900759244e-01
4.053055116471339647e-01
3.952621283784166772e-01
3.867084696602959282e-01
3.792824070891832045e-01
3.727162891569137382e-01
3.668094039179608523e-01
3.614310411634725773e-01
3.564705961011371271e-01
3.518557661339541398e-01
3.475226927521331555e-01
3.434208092464998696e-01
3.395091094721655045e-01
3.357461209148500103e-01
3.321016472081011472e-01
3.285505271161964225e-01
3.250760062482096480e-01
3.216631768756433307e-01
3.183029581334784197e-01
3.149867634610044043e-01
3.117132484166824091e-01
3.084781159977533216e-01
3.052822243283672687e-01
3.021219151244533552e-01
2.989961071797871961e-01
2.959021519832294445e-01
2.928381697516883597e-01
2.898053279454956832e-01
2.868036952450349064e-01
2.838349882701034499e-01
2.808995153102227249e-01
2.779984465358984469e-01
2.751314102856353694e-01
2.723002881426363486e-01
2.695086437585892947e-01
2.667569053592208639e-01
2.640481390796711736e-01
2.613789785727425041e-01
2.587496715158880689e-01
2.561625472084805843e-01
2.536168516363435099e-01
2.511128057516859302e-01
2.486531725481153365e-01
