1.485625152213164268e+00
1.285177259205749989e+00
1.145500932650943327e+00
1.048543675395433361e+00
9.777521824216669488e-01
9.237173054322305177e-01
8.813136149535407693e-01
8.474627542328785346e-01
8.200904711855426799e-01
7.976459116528473725e-01
7.789912249240076303e-01
7.632418808873803195e-01
7.497382948391073665e-01
7.379773878620967675e-01
7.275919846115926903e-01
7.182852356376837610e-01
7.098389716189710263e-01
7.020804350273628369e-01
6.948622657306842143e-01
6.880735063052531020e-01
