1.494841159981868506e+00
1.295479323962372975e+00
1.153644751546036629e+00
1.054989357909124514e+00
9.833598847336466608e-01
9.291189840914663156e-01
8.869114498570503935e-01
8.534773944686691038e-01
8.266548472376816781e-01
8.048675152362322338e-01
7.869353104178419267e-01
7.719425283758100109e-01
7.591946903270894165e-01
7.481804959793002530e-01
7.385112256238991479e-01
7.298777319125626661e-01
7.220673159137659392e-01
7.149211547253859766e-01
7.083048767827198056e-01
7.021278505605842435e-01
