1.895592546721241112e+00
1.696010860558495592e+00
1.543718948714376316e+00
1.429105365699436803e+00
1.340706647623884695e+00
1.270595388030156148e+00
1.213841349521904922e+00
1.167296092110293282e+00
1.128796370904045610e+00
1.096727309246845472e+00
1.069814299879231712e+00
1.047026557737439578e+00
1.027530683019699742e+00
1.010659073497360394e+00
9.958833816312545606e-01
9.827906431803129506e-01
9.710604351806274570e-01
9.604441744963500005e-01
9.507483152390384662e-01
9.418203856493375659e-01
