1.886235384662872105e+00
1.685113554661811897e+00
1.534459024706724684e+00
1.421286049792350070e+00
1.333663095527575004e+00
1.263769683949808043e+00
1.206847972801866176e+00
1.159880080277554626e+00
1.120783753424657192e+00
1.087993717630882706e+00
1.060273761787285718e+00
1.036628240724233541e+00
1.016255867016105485e+00
9.985145647098840893e-01
9.828940778055319516e-01
9.689876121399263464e-01
9.564711912283646589e-01
9.450852036606558482e-01
9.346197973175937035e-01
9.249048163473971851e-01
