1.479474504510366328e+00
1.278196853959985058e+00
1.139675906234394409e+00
1.043116029440922299e+00
9.721415379593941752e-01
9.175732318734363124e-01
8.744203268446689714e-01
8.397252461895781117e-01
8.114991095414145761e-01
7.882475547184712994e-01
7.688554024927798380e-01
7.524008124172455458e-01
7.381961973217332496e-01
7.257204389040627923e-01
7.145731008935487516e-01
7.044663030984844587e-01
6.951939267396255451e-01
6.865745980100007584e-01
6.784641488817144683e-01
6.707585345973234858e-01
