1.880299604538012259e+00
1.678898989153954080e+00
1.529428928304886526e+00
1.416928320162781585e+00
1.329439918782672647e+00
1.259294807519004911e+00
1.201864628507000266e+00
1.154239525867573946e+00
1.114425223162051504e+00
1.080913953399816219e+00
1.052484931762990072e+00
1.028127560775581761e+00
1.007015064608026034e+00
9.884881780447032362e-01
9.720310513688893428e-01
9.572393815038084952e-01
9.437920123409242468e-01
9.314324055289988635e-01
9.199560275327854919e-01
9.091992701039074420e-01
